Data_429 liseron_21 pop
SSR_CLA02, SSR_CLA16, SSR_CLA19, SSR_CLA22, SSR_CLA26, SSR_CLA28, SSR_CLA35, SSR_CLA40, SSR_CLA43, SSR_CLA58, SSR_CLA62, SSR_CLA70, SSR_CLA72, SSR_CLA80, SSR_CLA82, SSR_CLA83, SSR_CLA91, SSR_CLA92, SSR_CLA94, SSR_CLA96
Pop
Cla001 ,  118118 179179 181181 188190 205205 226226 290302 129129 206209 143143 151151 129129 139139 199199 175187 243243 176176 184205 235238 181184
Cla002 ,  118120 177179 181181 188196 211211 226226 292336 126129 209218 139143 151157 129129 133133 202202 175175 243246 176176 187208 223238 181181
Cla003 ,  118118 179179 181181 190192 205213 226226 292292 129132 209209 139143 151151 117129 143145 199202 172172 243243 176179 208220 235238 181187
Cla004 ,  118118 177179 181181 192198 209209 226226 286286 126129 209209 143143 151151 117135 139139 000000 178184 234243 176176 187202 229235 181181
Cla041 ,  118120 177179 181181 192196 000000 222226 288310 129129 209209 143143 151161 000000 139139 202202 154172 234243 176176 187193 235235 181193
Cla042 ,  118120 177179 181181 192196 209211 222222 288310 129129 209209 143143 151161 129135 139139 202202 154172 234243 176176 187193 235235 181193
Cla044 ,  000000 177179 181181 000000 000000 226226 000000 129129 000000 139143 151151 000000 139139 196199 000000 234234 000000 000000 235235 000000
Cla045 ,  000000 177179 181181 188196 000000 226226 292336 129129 000000 139143 151151 000000 139139 199199 000000 234234 176188 187205 235235 181187
Cla046 ,  118118 177177 181181 188188 000000 226226 288336 126129 209227 000000 157157 117135 000000 199202 175195 243243 188200 202205 223235 000000
Cla047 ,  118126 177177 181181 190196 207211 226226 310336 126126 209224 143147 151151 117133 125143 199202 175178 243243 176197 187214 235235 181184
Cla048 ,  118120 177179 181181 192196 213213 222222 288310 126129 209221 137137 155155 117133 125125 199199 154187 234243 176176 202208 235235 181193
Cla049 ,  118126 177179 181181 190190 205205 226226 292336 126129 209209 143143 163163 117141 133143 199199 172189 243246 176176 205205 235235 178181
Cla051 ,  118120 177177 181181 188192 205213 226226 286336 126129 197200 139147 151157 117135 139139 199202 172175 243243 176188 187202 235235 181184
Cla052 ,  118118 177179 181181 190192 205207 226226 288296 126129 209218 143143 151151 117139 139139 196199 175195 234243 176179 202202 235238 178181
Cla054 ,  118118 177177 181181 188188 207213 226226 288336 126129 209227 139147 157157 117135 133145 202202 175195 243243 188200 202202 223235 181187
Cla055 ,  118120 177177 181181 188196 205209 226226 310336 129132 224233 143143 151151 117117 139145 199202 178178 243243 176179 205205 235235 181181
Pop
Cla057 ,  118144 177179 181181 188192 205207 226226 292310 126129 209209 139143 161161 133141 133143 199199 175175 243243 176176 187202 238238 181181
Cla058 ,  118120 177177 181181 192192 209213 222222 292292 129129 200200 143143 151151 133141 145145 202202 175175 240243 173176 202202 235235 181181
Cla059 ,  118120 177177 181181 190190 207207 226226 300300 129132 200209 143143 151161 000000 000000 202202 000000 234243 176176 187223 238238 181181
Cla060 ,  120120 177177 181181 188192 205213 226226 292298 129129 209209 143143 151151 135139 133145 202202 175187 243243 176179 202202 235238 181181
Cla061 ,  118144 177181 181181 188198 207207 226226 292298 132132 224227 143143 151151 133141 133147 199199 166175 234234 176176 202202 235235 181184
Cla062 ,  120144 177179 181181 192198 207213 226226 292302 129132 209218 143143 161161 133133 143145 000000 172189 243243 176182 187205 235238 181184
Cla063 ,  118120 177179 181181 192196 205207 226226 290292 129132 200209 140143 151151 137145 133145 202202 172187 243243 173176 187202 235235 181184
Cla064 ,  118120 177179 181181 190198 209213 226226 292300 129132 209227 143145 161161 135141 133145 000000 166172 234234 176176 202202 235235 184184
Cla065 ,  118120 177177 181181 190190 207207 226226 292308 129129 209215 143143 161161 135145 143143 199199 172175 243243 176179 202214 235235 181184
Cla066 ,  118118 177177 181181 190192 207207 226226 290292 129132 197221 143145 151161 135145 133145 202202 163175 234243 170179 202202 235238 181184
Cla067 ,  118118 177179 175181 192192 205209 226226 292292 129132 209212 139145 151151 117133 151151 203203 166166 240243 170179 202214 235235 181181
Cla068 ,  118118 179179 181181 192198 205207 226226 308310 129132 200209 139143 151151 141145 141145 202202 175175 243243 179182 187202 235235 181184
Cla069 ,  118120 177177 181181 190198 207207 226226 292298 129129 209218 143145 151161 137141 133145 187199 175175 234243 176176 187205 235238 178181
Cla070 ,  118140 177177 181181 192192 207209 226226 292292 129129 209218 143143 151161 133139 143145 000000 157157 234243 176182 205223 235235 181184
Cla071 ,  114118 177177 181181 192192 207209 226226 290290 126129 209209 143143 151161 137145 000000 199199 166175 234234 176179 208214 235238 181184
Pop
Cla072 ,  118118 177179 181181 190196 207207 226226 288292 126132 236236 145145 151151 117137 145145 187199 172175 234243 176176 187187 235235 184184
Cla073 ,  118120 177177 181181 190190 207213 226226 294294 120129 206209 143143 151151 117137 139145 199202 172172 243243 179179 187226 235235 181181
Cla074 ,  118118 177179 181181 190196 209209 226226 290294 126132 206209 139139 151151 117137 139145 199199 175178 243243 167176 187187 235235 181181
Cla075 ,  118118 177177 181181 192192 207211 226226 290290 126132 209233 143145 151151 133137 143145 000000 172175 243243 176185 187202 235235 181181
Cla076 ,  118118 177179 181181 190190 207209 226226 294294 129132 209209 145145 151151 117133 139139 000000 175175 243243 176185 187202 235235 181181
Cla077 ,  118118 177177 181181 190198 207209 226226 290294 120126 218218 137137 151155 133147 139145 202202 172175 243243 176188 187187 235235 181184
Cla078 ,  118118 179179 181181 190192 207207 226226 282292 126132 218236 143143 151151 117137 145145 199199 172175 234243 179185 187187 235235 181184
Cla079 ,  118118 177179 181181 192196 207211 226226 294296 120132 209209 145145 151151 137147 000000 187187 175175 234243 179194 187202 235235 181181
Cla080 ,  118118 177177 181181 190190 207211 226226 294302 120120 206224 137137 151151 137147 139145 202202 172172 243243 176179 187187 223235 181181
Cla081 ,  118118 177179 181181 190192 211211 226226 294302 120126 224224 137145 151151 137147 139145 199199 172172 234243 176179 187202 223235 181181
Cla082 ,  118118 179179 181181 190192 207211 226226 294294 120126 209209 137145 151151 117147 139145 000000 172175 243243 179194 187202 235235 181181
Cla083 ,  118118 177179 181181 196196 207209 226226 290292 120120 209209 143143 151155 000000 133139 202202 172175 243243 185185 187187 235235 181184
Cla085 ,  118118 177179 181181 190190 207207 226226 292294 120129 209209 137145 151157 117147 145145 199202 172175 243243 176179 187199 223235 181181
Cla086 ,  118118 177179 181181 192194 209209 226226 292294 132132 233233 143143 155155 117137 139145 199199 175175 243243 176185 187187 235235 184187
Pop
Cla056 ,  118120 177177 175181 188188 207211 226226 302320 120126 209209 143149 157157 135149 147147 199199 154172 234234 170182 193229 235235 178181
Cla087 ,  120120 177177 153175 192192 207207 226226 292302 126126 206206 143149 159159 135149 147147 199199 172187 234234 170182 187187 232232 178181
Cla088 ,  120120 177177 175181 192192 207207 226226 292296 126126 218218 143143 157157 135135 147147 199199 187187 234234 179182 193193 232232 181181
Cla089 ,  118118 177177 153175 188188 205207 226226 298310 126126 209209 143143 157157 133133 145145 199199 154154 234234 179182 187193 232232 178181
Cla090 ,  120120 177177 175181 192192 207207 226226 292298 126129 218218 143149 157157 133133 145147 199199 154154 234234 170170 187229 000000 178178
Cla091 ,  118118 177177 181181 188192 207211 226226 294294 120126 209209 143151 157157 133149 145147 199199 172187 234234 170182 211226 000000 178184
Cla092 ,  118118 177179 175175 192192 207211 224224 292294 126129 218218 143143 157157 133149 145145 199199 154172 234234 170170 187211 238238 178178
Cla093 ,  118118 177177 153175 188192 207211 226226 292302 126126 209209 143143 157159 133135 145165 199202 154154 234234 185185 211226 229235 181181
Cla094 ,  118120 177177 181181 188192 207211 226226 296310 126129 203203 149149 157157 133149 145147 199199 154187 234234 170185 193193 235235 178178
Cla095 ,  118120 177179 153181 188192 207211 226226 296310 120126 209209 143143 153157 135149 145147 187199 187187 234234 170182 193193 232232 181181
Cla096 ,  118120 177177 175175 188192 211211 224224 306310 126129 209209 143143 000000 135143 141141 199199 172187 234234 170179 193193 235238 181181
Cla097 ,  000000 177179 175181 190192 207207 226226 000000 126126 000000 000000 000000 000000 000000 199199 000000 234234 000000 205211 000000 000000
Cla099 ,  120120 177177 175181 188192 205207 224226 276310 126126 206206 143143 161161 133135 145145 199199 154154 234234 182182 193193 232232 178178
Cla100 ,  118120 177177 153175 192192 211211 224224 292294 126126 218218 143143 157157 135149 145145 199199 154187 234234 170170 193211 229238 178181
Pop
Cla101 ,  118118 179183 175175 190194 207207 226226 292302 126126 200200 137151 151155 127133 133143 199199 154163 243243 176176 202226 238238 181193
Cla102 ,  118126 177179 175181 190194 205205 226226 292302 126126 200209 143143 155155 127127 133143 199202 195195 243243 176176 226226 000000 181181
Cla103 ,  118126 179179 175181 194194 205205 226226 290302 126126 200209 143151 155155 123127 133143 202202 195195 234243 176176 226226 238238 181181
Cla104 ,  118126 179179 175181 190194 207207 226226 292292 126126 200200 143143 155155 123123 139143 199199 175195 234243 176176 199205 238238 193193
Cla105 ,  118126 179179 181181 190190 207207 226226 292292 126129 200200 143151 155155 123133 139143 199199 000000 234243 176176 202226 238238 181193
Cla106 ,  126126 179179 175181 190190 207207 226226 290292 126129 200200 137143 151155 123133 139143 199199 163195 243243 176176 202205 223238 181193
Cla107 ,  118126 179179 175181 194194 205205 226226 290302 126126 200209 143151 155155 123127 143143 202202 195195 234243 176176 226226 238238 181181
Cla108 ,  118118 179179 181181 190190 207207 226226 292292 126129 200200 143143 155155 123133 133139 000000 175187 243243 176176 205226 238238 181181
Cla109 ,  118126 179179 175175 194194 205207 226226 290302 126126 209209 143151 155155 123127 133143 202202 195195 243243 176176 199226 235235 181181
Cla110 ,  118126 179179 175181 190190 205207 226226 290292 129129 200200 137143 151155 133133 139143 000000 163195 234243 176176 205205 238238 181181
Cla111 ,  118126 179179 175175 190194 205207 226226 292292 126126 200209 143151 155155 127133 133139 000000 175195 234243 176176 205205 000000 181181
Cla112 ,  118118 179179 175181 194194 205205 226226 302302 126126 200200 137151 155155 123135 143143 199199 195195 243243 176176 199226 238238 181181
Cla114 ,  118126 179183 181181 190194 205207 226226 290292 129132 200200 143143 151151 123145 143143 199202 154175 234243 176176 202205 238238 181181
Pop
Cla021 ,  120120 177179 153175 198198 211215 226226 292292 126126 215215 143143 187187 133133 145145 000000 175189 234243 170182 187187 238238 205205
Cla290 ,  116116 177179 153181 192198 211215 226226 294314 126129 215215 143155 157157 135135 145145 187199 178178 234234 170179 193193 232232 178178
Cla291 ,  118118 177177 175175 192192 207211 226226 294314 126126 203203 145153 189189 135135 145145 187187 187189 234234 170170 187187 232232 184205
Cla292 ,  118120 177177 175175 188192 207211 226226 294296 126126 203203 145155 153157 135149 125125 187214 154154 234234 170182 193205 232232 178205
Cla293 ,  118120 177177 153181 188192 215215 226226 294302 126126 212215 143143 157161 133135 125143 187217 178187 234234 179182 187193 232232 178181
Cla294 ,  118118 177177 175175 192198 207207 226226 292294 126129 212212 143145 157157 133135 165165 202214 187187 234243 170170 187211 232232 178181
Cla295 ,  120120 177177 175175 192192 207207 226226 294302 120129 215215 145145 157157 133135 125125 187187 187187 234243 170179 187193 232232 178178
Cla296 ,  118118 177177 175181 188188 211215 224226 294306 126126 207207 143155 157157 135135 125125 187214 154178 234234 170182 187199 232232 178181
Cla297 ,  118118 177177 175175 188192 207211 226226 302314 126126 209209 145145 191191 135135 145145 187214 172175 234234 170170 193211 232232 193205
Cla298 ,  118118 177177 181181 188190 211211 226226 292294 126129 215215 145145 157157 133133 145145 000000 154178 234234 170179 193199 232232 178184
Cla299 ,  118120 177177 175175 188192 205211 226226 302322 126129 215215 145145 157157 133133 125125 187214 187187 234234 182182 187193 232232 178181
Cla300 ,  118118 177177 175181 188192 207211 224226 294294 126129 209215 149153 155157 133133 141147 187214 178187 234234 170170 187193 232232 178181
Cla301 ,  118118 177177 175175 188198 211211 226226 276314 126129 212215 143155 157157 135135 145145 187187 187187 234243 170179 205226 232232 178181
Cla302 ,  118118 177177 175175 188192 205215 226226 294294 126126 206206 155155 157157 135149 145145 199199 154187 234243 170179 187205 232232 178178
Cla303 ,  118120 177177 153175 188190 213215 226226 296310 126129 215215 143145 193193 133133 145145 187187 154187 234234 170179 193193 244244 178181
Cla304 ,  118120 177177 175181 188188 211215 226226 294302 126126 206206 145149 195195 133149 145145 187187 172187 234234 170179 193205 232232 178178
Cla305 ,  114114 177177 153175 190192 211211 226226 302302 126129 230215 145145 157157 133149 145147 187187 187187 234234 170179 193193 232232 178178
Cla306 ,  118120 177177 175175 190192 211213 226226 302314 126126 200200 143145 157157 133135 145145 187199 178187 234234 170179 187193 238244 178181
Cla307 ,  118118 177177 175181 192192 211211 226226 292302 129129 215215 143145 157157 133133 147147 187187 178187 234234 170182 193193 232232 178178
Cla308 ,  118118 177177 175181 188192 211215 226226 292294 126126 209209 145155 157157 133149 125125 199199 178187 234243 170179 193193 232238 178205
Cla309 ,  118118 177177 175175 188192 205215 226226 294296 126126 215218 143145 161161 133133 145147 187187 154189 234234 179182 193193 235238 178178
Cla310 ,  118118 177177 175181 192192 211211 226226 292292 126126 215215 149149 157157 149149 145145 187217 178187 234243 170179 193193 232232 178184
Cla311 ,  118118 177177 153181 188192 211211 226226 298302 126126 206206 143145 157157 133149 145145 199199 187189 234234 170170 193205 232232 178178
Cla312 ,  120120 177177 175175 190198 211211 226226 276296 120126 203203 143145 157157 133135 145145 187187 187187 234234 170179 187193 235238 181184
Cla313 ,  118118 177177 153175 192198 207211 226226 292294 120126 209209 145149 157157 135149 145145 187187 154175 234243 170179 193205 229229 178178
Cla314 ,  118118 177177 175175 192192 211211 226226 294294 126129 203218 152155 151151 135149 125125 199199 154172 234234 179182 193205 232238 181184
Cla315 ,  114114 177177 175175 188192 211211 226226 294294 126126 206206 145145 157157 133135 145145 187187 154178 234234 170182 193199 232232 178184
Cla316 ,  120120 177177 175181 192198 207207 226226 292296 126126 215215 143143 157157 133135 145145 187187 154187 234234 179182 193193 232232 181205
Cla317 ,  118118 177177 153181 188198 207207 226226 294314 126129 000000 145145 157157 133135 145145 199199 178187 234243 170182 193211 232232 178178
Cla318 ,  118120 177177 153175 198198 211215 224224 276314 126126 206206 143145 157157 135149 147147 199199 187189 234243 170179 187193 232235 178205
Cla319 ,  118118 177177 153181 192198 207207 226226 276294 126126 212212 143149 157157 135135 145145 000000 178187 234234 170170 205211 232232 178184
Pop
Cla116 ,  118118 177177 181181 190190 205213 222226 288302 126126 206209 137137 151151 135139 145145 202202 172172 234243 176185 202226 235235 181193
Cla117 ,  118118 177179 181181 190198 207213 226226 290292 126129 209209 139139 151151 143145 143145 199199 000000 234234 176185 202214 235235 181181
Cla118 ,  118118 177177 181181 190192 205207 226226 292292 129129 206224 145145 151151 135135 145145 202202 000000 234243 176185 205205 235235 181193
Cla119 ,  118118 177177 181181 190192 205213 222226 296302 129132 209209 137143 151151 133135 139143 202202 172172 234243 179182 202205 235235 181181
Cla120 ,  118118 177177 181181 190190 205205 226226 302302 129132 209209 152152 151151 135135 145145 196199 172175 234243 176179 202205 235235 184193
Cla121 ,  118118 177179 181181 192192 205205 222226 288290 126129 221221 000000 151151 135145 145145 202202 000000 234243 179185 199205 238238 181193
Cla122 ,  118140 177177 181181 192198 205213 222226 302302 129129 209212 143143 151151 125143 143145 199202 166175 234243 176182 199205 235235 181181
Cla123 ,  118118 177179 181181 190190 205205 226226 298302 126126 209209 143143 151151 129145 139143 202202 172178 234243 179179 226226 223235 181193
Cla124 ,  118118 177179 181181 190192 205205 226226 294304 126129 209209 143143 151151 143145 139145 000000 172187 234243 179179 193226 223235 181181
Cla125 ,  118118 177177 181181 190192 213213 226226 288302 129129 209209 145145 151151 135135 139139 199199 172172 243243 176176 187205 235235 181181
Pop
Cla126 ,  118118 177177 181181 192192 205213 226226 296298 129129 206209 152155 151151 129139 145145 199199 175175 234234 173182 187202 238241 181181
Cla127 ,  118118 183183 181181 190190 205205 226226 302302 126129 197206 143143 151193 133135 145145 187202 175175 234243 182182 196202 235235 181181
Cla128 ,  118120 177179 181181 192194 207211 226226 290298 126132 206215 139139 151151 123135 143145 202202 172175 234243 179185 187202 223238 181181
Cla129 ,  118120 177183 175181 190198 205211 222226 290302 126126 218218 139139 151151 133133 139145 202202 175178 243243 176185 187229 238238 181181
Cla130 ,  118120 177177 181181 190198 205207 226226 290302 126129 197206 140157 151151 123139 133143 202202 175184 243243 179182 187202 241241 181193
Cla131 ,  118118 177177 181181 190192 205207 226226 296302 129132 206209 143143 157157 129133 133145 199202 175175 243243 179182 202205 241241 181193
Cla132 ,  118118 177183 181181 190198 207207 226226 296302 129129 215215 000000 151151 137137 133133 199199 172184 234243 179182 187214 235235 181181
Cla133 ,  118118 177183 181181 190192 205207 222226 298302 126132 209218 152152 193193 133135 143145 202202 175175 234234 173176 202205 238238 181181
Cla134 ,  118120 177179 175181 190192 205207 226226 292298 126129 206209 139143 151151 129133 145145 202202 175175 234243 182182 187202 241241 181181
Cla135 ,  118118 177179 181181 190192 209211 222226 298310 129132 209209 143143 151151 129133 145145 202202 175175 234243 176179 187205 238238 181181
Cla166 ,  118118 177179 181181 190192 207211 222226 298302 129129 197218 143143 151151 131147 000000 202202 166175 243243 185185 205211 223235 181193
Cla167 ,  118120 177177 175181 190198 205207 224226 288298 129129 206209 143143 151151 123133 145145 202202 175178 234234 176176 202205 235235 181181
Cla168 ,  118118 177177 181181 192192 205207 222226 290302 126126 197206 152152 151151 135139 145145 202202 175178 234243 179182 202211 235235 181181
Cla169 ,  118118 177183 181181 190198 205205 224226 288298 126132 197206 143143 193193 133133 133133 199202 163175 234234 182182 199229 235235 181184
Cla170 ,  118118 177183 181181 190192 207207 226226 292302 126129 218218 152152 151151 129133 133133 202202 175175 234243 176185 199205 235235 181181
Cla467 ,  120126 177183 181181 190192 211211 224226 288294 129132 209218 137139 151155 135139 139143 190202 184189 234243 176182 205217 235238 181181
Cla468 ,  118120 177177 181181 190192 205211 226226 290298 126129 206209 147147 151151 117133 141143 199202 175178 243243 176179 205211 238238 181181
Cla469 ,  118120 177179 175181 192198 205207 222222 290302 129132 197218 139143 151157 129137 133141 199199 175178 234243 179185 202202 235238 181181
Cla470 ,  118118 177179 181181 190192 211211 222226 290304 132132 197206 143147 151151 135137 145145 199199 175178 243243 179182 202205 235235 181181
Cla471 ,  118118 177177 181181 190192 209211 226226 288292 129132 197206 139139 151157 117135 133143 199202 172178 234234 176176 214220 238238 181181
Cla472 ,  118118 177177 175181 190198 209209 226226 288300 126132 206209 139139 151157 117137 133139 199202 172184 234234 179182 205211 235238 181184
Cla473 ,  118118 177179 181181 190192 205209 222226 292304 129132 206218 139143 151151 129133 139145 202202 175178 234243 176185 187205 235235 181181
Cla474 ,  118120 177183 181181 190192 207209 222226 290292 126129 206209 139139 151151 129145 139145 199202 175184 234243 176176 187211 238244 181181
Cla475 ,  118120 177183 181181 190192 207207 226226 288302 129132 206221 143143 151151 135145 139143 199199 175178 234243 176182 211217 235238 181181
Cla476 ,  118118 177177 181181 188190 209211 222226 298310 129129 206209 137143 151151 117129 139145 199202 163175 243243 176179 187187 223238 181181
Cla477 ,  118118 177177 181181 190198 205211 226226 292302 126126 206218 143143 151151 117137 139143 199202 166175 237243 176176 202205 238238 181181
Cla478 ,  118118 177177 175181 190190 211211 226226 288302 126132 206218 143143 151151 123139 139143 190199 175181 234234 176176 202216 235235 181181
Cla479 ,  118118 177177 181181 190192 211211 226226 288292 129132 197206 143143 151151 117123 139143 205205 175181 234240 176185 202205 235235 181181
Cla480 ,  118118 177179 181181 190190 207211 226226 292298 126132 197206 139143 151151 123139 143145 190202 172178 234234 182185 196202 238238 181181
Cla481 ,  118118 177179 181181 190198 211211 226226 292292 129132 206218 139143 151155 137139 143145 199202 175175 234243 176185 187205 238238 181181
Cla482 ,  118118 177177 181181 190196 205207 226226 290302 129129 206215 143143 151151 129137 145145 202202 172175 234234 176185 187187 223235 181181
Cla483 ,  120140 177177 181181 190192 205209 222222 288296 126129 206209 139139 151151 133135 133133 199199 172178 234234 176185 196202 238238 181181
Cla484 ,  118120 177177 181181 190192 205207 226226 286308 129129 197206 139143 151151 117139 143145 196199 178184 234243 176182 187187 235238 181181
Pop
Cla136 ,  120120 177177 181181 192196 205207 226226 288298 126129 209209 137145 151151 127141 133133 000000 175187 243243 176182 187208 238238 181193
Cla137 ,  118120 179179 181181 190192 205209 226226 288292 129129 215215 145145 151155 139141 143145 199211 181181 234234 167176 211211 235235 181181
Cla138 ,  120120 177179 175181 188190 205207 226226 288296 129129 215215 145145 151167 117139 133133 202202 000000 243243 179185 187202 235235 181181
Cla139 ,  118118 177177 181181 190196 207209 226226 292332 126129 209215 143143 151151 139141 143143 199199 154172 234243 176185 187205 235235 181181
Cla141 ,  118120 177179 181181 190190 207213 226226 288298 126129 215215 143145 151155 123139 133145 202202 181181 234234 167185 187211 238238 181181
Cla142 ,  118120 177179 181181 190194 205213 226226 288298 126129 215215 145145 155167 123123 000000 202202 175181 234234 176185 199205 235235 181181
Cla143 ,  118120 177179 181181 190190 207213 226226 288298 126129 215215 143145 151151 139141 145145 202202 182182 234234 176185 211211 235235 181187
Cla145 ,  118118 177179 175181 188194 205215 226226 288288 126129 200215 143145 167167 123123 143143 202202 175187 234234 176185 187205 235235 181181
Pop
Cla146 ,  118118 179179 181181 188200 207209 226226 294296 129129 197206 139143 157157 123123 143143 199202 172189 234234 167188 214223 232235 178178
Cla147 ,  120126 179179 181181 188190 207213 226226 290294 120129 209221 143143 151157 135135 133133 199199 172178 234234 176185 190205 235235 181205
Cla148 ,  118118 177177 181181 188190 205207 224224 288332 129129 206206 139145 151151 133135 133143 199202 172172 234243 176176 205211 235235 193193
Cla149 ,  118118 177179 181181 190196 205217 226226 288332 132132 218218 143143 151163 133135 139139 199199 187187 234234 167185 199220 226235 181193
Cla150 ,  118118 177179 181181 188190 207213 226226 294312 120129 209221 139139 151151 139145 143143 187226 154187 234246 176182 202205 232235 181181
Cla151 ,  118118 177179 153181 194200 205209 226226 294312 129129 206206 143143 157157 123135 133143 187202 172189 234234 182182 205217 235235 178181
Cla152 ,  118118 177179 181181 190200 207207 226226 294310 129132 197224 137143 163163 135135 133133 187202 157172 234243 176176 193205 226229 178193
Cla153 ,  118118 177179 153181 192194 205205 224224 292312 120129 206206 139139 159159 123133 143143 000000 172172 234234 176176 205217 235235 181181
Cla154 ,  118118 177179 153181 190196 209213 226226 310320 129129 209224 139143 151151 135139 143145 202202 172172 234243 176185 202205 229235 178181
Cla155 ,  118118 179179 153181 190194 205207 226226 294308 120120 206209 139139 155157 133135 133133 199202 172187 234234 176176 205214 232235 193193
Cla171 ,  118120 177177 181181 188190 207207 226226 000000 000000 206218 143143 151155 135145 133143 199199 172172 234243 182185 205220 000000 178181
Cla172 ,  120126 177177 181181 190192 209217 222226 294308 126129 200224 145145 157157 133135 143145 199199 172172 234234 176185 186211 229235 181181
Cla173 ,  118118 177177 181181 190192 207207 226226 288312 126129 206206 139139 151151 123145 143143 196196 154175 234234 176176 205205 235235 181202
Cla174 ,  118124 179179 181181 190192 207209 222222 294308 129132 206209 143143 157157 123135 143143 199202 157172 234243 188188 190220 229235 178193
Cla175 ,  118118 177177 181181 188190 205205 226226 294294 126129 209209 139139 151151 133139 125125 187199 172172 234234 182185 187214 229235 178181
Cla486 ,  120120 177179 175181 188192 207207 226226 292294 129129 206215 137139 151151 135139 143143 199199 172172 234234 173182 190220 235238 193205
Cla487 ,  118118 177179 181181 190192 205213 226226 288298 126129 218221 143143 151151 117133 143143 202202 172175 234243 185185 186205 229229 181181
Cla488 ,  118120 179181 181181 188190 213213 226226 300302 120129 197206 143151 155155 117133 133147 199199 178187 234243 176182 187205 229235 181181
Cla489 ,  120120 177179 181181 190192 207217 226226 292294 120132 197224 139139 151161 137139 143145 199202 157172 234243 167179 190220 238238 178193
Cla490 ,  118118 177179 181181 190196 207207 222226 290292 129132 206209 139153 157157 123143 143143 199199 172172 234243 167182 205217 229235 178181
Cla491 ,  120120 177177 181181 188190 213217 222226 308310 120129 206209 139145 151155 117129 133143 199202 172175 234243 176176 193205 229235 178181
Cla492 ,  118118 177179 181181 184192 207207 222222 292310 120129 209224 143143 151155 127133 133133 202202 172172 234234 176179 187205 235235 181193
Cla493 ,  118118 177179 181181 190192 205205 222226 310312 126129 206221 139143 151151 133135 143143 196199 172187 234243 176176 217226 235235 181193
Cla494 ,  118118 177177 181181 188190 207209 222226 290310 120129 206209 139139 151163 123135 143143 199199 172189 234243 176182 190202 235238 181193
Cla495 ,  118118 179179 181181 186200 205209 222226 294298 126132 197206 139139 151155 135139 133143 202202 175178 234234 194194 186205 235238 178193
Cla496 ,  118118 177179 181181 190190 207209 226226 294332 120129 209224 137137 157157 117145 143147 199199 172172 234234 176176 187205 232235 178193
Cla497 ,  118120 177177 181181 190192 205207 222226 294314 120132 206209 147147 151151 127133 145145 202202 157172 234243 185185 202205 232235 181181
Cla498 ,  118120 179179 181181 190200 207207 222226 292310 129132 206209 143143 151151 123133 143143 199199 175175 234243 176182 205211 229235 193205
Cla499 ,  118118 177179 181181 190196 207207 226226 290314 129129 206224 139145 151151 123123 143143 199199 172175 234234 176176 187205 229241 178181
Cla500 ,  118118 177177 181181 188190 205205 226226 292294 126129 209209 141141 151151 133139 133133 199202 172172 234234 182185 187214 229235 178181
Cla501 ,  118118 179179 153181 190194 205207 224224 294308 129129 206209 139139 155157 133135 133133 199202 172187 234234 176176 205214 232235 181193
Pop
Cla156 ,  118118 171177 181181 192194 205205 226226 294294 123129 206206 143143 151151 133137 145147 199199 175175 234240 176176 193205 238238 181181
Cla157 ,  118118 179179 181181 190192 205207 226226 294294 144144 224224 137137 151151 133137 141147 199199 163169 234234 179179 196205 235235 181181
Cla158 ,  118120 177181 181181 192192 205213 224226 294296 129129 221227 143145 151151 123137 133147 199199 175175 240243 173176 175193 238238 181181
Cla159 ,  118118 177177 181181 194194 213213 224226 290300 129132 215224 137145 151151 123133 145147 199199 169175 234240 176176 205208 235235 181181
Cla160 ,  118118 171177 181181 194194 205213 226226 290300 129129 209215 137137 151155 123133 147147 000000 181192 234234 176176 205205 235235 181181
Cla161 ,  126126 179181 181181 190194 205211 226226 290290 129132 206227 137145 151151 123137 133145 199199 181195 234243 176176 193205 238238 181181
Cla162 ,  118118 177181 181181 190194 205213 226226 288300 132132 215227 145145 151151 123147 145147 199199 175192 240243 176176 205208 235235 181181
Cla163 ,  118126 179181 181181 192194 205207 226226 290294 126126 215215 137145 151151 123133 137137 199202 154172 234243 176179 193205 238238 181181
Cla164 ,  118120 177179 181181 192192 205213 224226 288288 129132 206221 137137 151151 137145 145147 202202 181189 243243 173176 205205 238238 181181
Cla165 ,  118118 179181 181181 190198 205207 226226 290296 129132 206221 145145 151155 123123 141145 199199 181181 234234 179179 205205 235235 181181
Cla176 ,  118126 179179 181181 190194 211213 226226 290300 129132 206209 145145 151151 123123 141141 199199 172181 234243 176179 202205 238238 181181
Cla177 ,  118118 179181 181181 198198 205205 224226 294294 129132 209227 137143 151151 133137 145145 199202 181189 234234 176176 202202 235235 181181
Cla178 ,  118118 177181 181181 184190 205207 226226 288300 129132 206206 145145 151155 133149 133147 187187 175189 234243 176176 187205 238238 181181
Cla179 ,  118120 171177 181181 192198 205213 226226 290294 129129 206221 145145 151151 123133 145145 199199 181181 234234 182182 193193 238238 181181
Cla180 ,  118120 171179 179181 192198 205205 226226 290290 126129 212227 143143 151151 123137 141145 199199 181189 234246 176176 205214 238238 181181
Pop
Cla181 ,  118118 177177 181181 190198 213215 226226 290292 129129 221221 155155 151153 145145 143147 199199 187189 234234 167182 193193 238238 181184
Cla182 ,  118118 177177 181181 192192 205213 226226 290292 129129 209212 153153 151151 143143 143147 199199 187189 234243 179182 202202 238244 181184
Cla183 ,  118118 177177 181181 190190 207215 226226 290292 129132 221221 137137 153153 133145 147147 199199 187189 234234 176182 193193 238238 181181
Cla184 ,  118118 177177 181181 190192 215215 226226 292292 129129 000000 137137 151153 133145 143147 199199 000000 234234 182182 193193 223223 181184
Cla185 ,  118118 177177 181181 190192 207213 222226 292292 129129 209218 137145 153153 133133 139147 199199 157192 234234 167182 193193 238238 181184
Cla186 ,  118118 177177 181181 190190 207207 226226 292294 129129 212212 145153 151151 133143 143143 199199 187189 234234 179179 193199 238238 181184
Cla187 ,  118118 177177 181181 190190 213213 226226 276292 129129 209212 145145 151153 123127 141141 199199 175175 234234 167176 193202 238238 181181
Cla189 ,  118118 177177 181181 190192 205213 226226 292292 129132 209221 137137 151151 123145 147147 000000 000000 234234 167167 193193 238238 181181
Cla190 ,  118118 177177 181181 190194 207207 226226 286294 129129 224224 139153 151151 129143 141143 199199 000000 234234 167182 199202 244244 181181
Cla191 ,  118118 177177 181181 190198 207213 222226 292294 129129 212218 137153 151153 133143 139143 199199 000000 234234 179179 193199 238238 181184
Cla192 ,  118118 177177 181181 194198 207213 226226 286294 129129 224224 139153 151153 129143 141143 199199 000000 234234 167182 199202 244244 181184
Cla193 ,  118118 177177 181181 198198 207207 226226 292294 129129 212224 153153 151151 143143 141143 199199 187189 234234 167179 199202 238238 181181
Cla194 ,  118118 177177 181181 190198 207207 226226 292294 129129 209224 000000 151151 143145 143143 199199 175187 234234 167182 193202 244244 181181
Cla195 ,  118118 177177 181181 190190 207213 226226 290292 129132 212212 153153 151153 143145 143147 199199 187189 234234 182182 193199 238238 181181
Pop
Cla196 ,  118118 179179 181181 192200 205207 222222 284298 126126 215233 139141 151151 135153 143143 000000 172172 234237 176179 196223 238244 181181
Cla197 ,  118118 179179 181181 192192 207207 222226 284292 126129 215233 162174 151151 135145 133143 202202 172207 234234 179179 229229 238244 181181
Cla198 ,  118118 177179 181181 192200 205207 222222 284284 126126 215215 139155 151151 145145 141143 202202 000000 234237 179182 196208 238244 181181
Cla199 ,  118118 177179 181181 192192 205207 222222 292294 126129 218233 139143 151151 153153 143143 190190 172207 234234 176179 196205 238241 181181
Cla200 ,  118118 177179 181181 190192 207207 223226 284298 129129 215218 143143 151151 123135 143143 190190 000000 234234 179179 211223 241244 181181
Cla201 ,  118118 179179 181181 192192 207207 222226 284292 126129 215233 162174 151151 135145 133143 202202 172207 234234 179179 208229 238244 181181
Cla203 ,  118118 177179 181181 192200 205207 222226 284292 129129 218233 139143 151151 145153 143143 187187 172207 234237 176179 196205 238241 181181
Cla209 ,  118118 177179 181181 192192 205205 222222 294298 126129 215215 139141 151151 135145 143143 202202 172207 234234 179179 196223 244244 181181
Cla202 ,  118118 179179 181181 192192 207207 222226 284292 126129 206209 143145 151151 143145 133143 199202 172207 234234 179179 208229 238244 181181
Cla205 ,  118118 177179 181181 192200 205207 222222 284284 126126 206215 145145 151151 143145 141143 190202 172189 234237 179182 196208 238244 181181
Cla206 ,  118120 177179 181181 190192 207207 223226 284298 129129 215218 143145 151151 123135 143143 190190 175187 234234 179179 211223 241244 181181
Cla208 ,  118118 177179 181181 192192 205207 222224 292294 126129 230233 145145 151151 149153 143143 190190 172207 234234 176179 196205 238241 181181
Cla210 ,  118118 177179 181181 192200 207207 222222 284292 129129 218233 139143 151151 145153 143143 190199 172207 234237 176179 196205 238241 187187
Cla453 ,  118126 177179 181181 190192 205207 222226 284292 126129 206206 137143 151155 123127 141143 199202 175195 234243 179182 196205 238244 181193
Cla454 ,  118118 177179 181181 190192 205207 226226 284292 129129 209218 139143 151151 123153 143143 190199 172175 234234 176179 196205 238241 181193
Cla455 ,  118118 177179 181181 190192 207207 222222 284298 129132 206206 143143 151151 123135 143143 190199 175187 234234 179179 211223 241244 181181
Cla456 ,  118118 177179 181181 190192 207209 223226 284298 129129 200206 143143 151155 123135 133143 190202 175187 234234 176179 211223 241244 178181
Cla457 ,  118118 177179 181181 190192 205205 222226 292294 126129 206218 139143 151151 117153 143143 190190 172207 234234 176179 196205 241244 181181
Cla458 ,  118118 177179 181181 190192 205207 222226 284292 126129 206209 139143 151151 117135 133143 190190 172207 234234 179179 208229 238244 181181
Cla459 ,  118118 179179 181181 192200 205207 222226 284298 126129 206215 139141 151151 123135 143143 199199 172172 234237 176179 196223 238244 181181
Pop
Cla211 ,  118118 177179 181181 190192 205211 222222 298298 129129 218218 139143 151151 123129 143143 187187 210216 234240 176176 214226 235235 181184
Cla212 ,  118118 179179 181181 198200 211211 226226 298300 126126 215215 145145 151151 133141 141141 187199 163172 240240 176176 202208 235235 181184
Cla213 ,  118118 179181 181181 190192 211213 226226 302302 126126 209221 139174 151151 129141 143143 187187 172172 240240 176176 199202 235235 181181
Cla214 ,  118118 179179 181181 188190 205211 222226 286298 129129 209221 143145 151151 123129 143143 196196 187187 234234 179194 205208 235235 181181
Cla217 ,  118118 177177 181181 188192 205213 226226 292298 129129 209230 139139 151151 129141 133143 000000 172187 234234 176194 199199 235235 181181
Cla219 ,  118118 177177 181181 192192 205211 222226 304306 129129 218224 145145 151151 135141 143143 000000 154172 234240 179194 190205 235235 181187
Cla223 ,  118118 177181 181185 190192 211211 226226 286302 129129 209212 139139 151151 141141 143143 187199 172172 234240 179185 199205 235235 181181
Cla225 ,  118118 177179 181181 192194 205211 226226 290294 129129 209209 139139 151151 123129 143143 196196 157204 240240 176176 190205 235235 181181
Pop
Cla226 ,  118128 177179 181181 190192 209209 226226 288292 129129 209209 139139 151155 117127 133141 202202 172172 234243 176176 187187 238238 181181
Cla227 ,  118118 177177 181181 190198 205207 224224 292302 126132 206209 137137 151151 135139 133143 187187 175187 234243 176182 199214 235235 181196
Cla228 ,  118140 177177 181181 192198 205209 226226 292296 129132 206206 143143 151151 123135 143143 202202 172172 234243 176176 202205 238238 181181
Cla229 ,  118118 177177 181181 192192 209213 226226 296304 126132 209209 137137 151151 133139 139145 202202 172175 243243 179182 205211 235238 181181
Cla230 ,  118140 177179 181181 190192 205209 226226 288292 132132 209209 139139 151151 117135 133143 187187 172175 243243 176176 187214 235235 181181
Cla231 ,  118118 177179 175181 196198 205207 226226 294298 132132 209218 137137 151161 133133 133133 202202 169187 240243 176197 205211 238238 181181
Cla232 ,  118118 177177 181181 192192 205211 224226 294296 129129 209218 137137 151161 117139 133145 187202 172172 234243 176185 187202 235238 178181
Cla233 ,  118118 177179 181181 192198 205207 226226 294302 129129 206209 137137 151151 117135 133143 205205 175187 234240 176179 193199 235238 178181
Cla234 ,  118118 177177 181181 192192 205209 226226 296302 132132 209221 137137 151151 137139 145145 202202 172172 243243 176182 202205 235235 178181
Cla235 ,  118126 177179 181181 190190 207209 226226 288292 126132 206206 137143 151151 117147 133145 202202 172172 234234 176176 187217 238238 181181
Cla236 ,  118118 177177 181181 190192 205207 226226 292294 126129 209209 137137 151151 135139 139139 202202 172172 243243 176179 202205 235238 181181
Cla237 ,  118118 177177 181181 192196 207207 226226 292292 129132 209209 139143 151155 133139 143143 202202 172187 240243 176185 202214 235238 181181
Cla238 ,  118118 177177 181181 190192 213213 226226 302302 120132 218218 137137 151161 133139 143145 202202 172187 243243 173176 202202 238238 178181
Cla239 ,  118118 177179 181181 192198 205211 226226 288302 129129 209209 139139 151151 117127 141145 202202 172175 234243 176179 187202 235235 178181
Cla240 ,  118140 177179 181181 192196 209209 226226 294304 126129 209221 143143 151151 117117 133139 202202 172189 240243 176179 202202 235235 181181
Pop
Cla241 ,  118120 177179 181181 190192 207215 226226 288292 126129 209209 155155 151151 135139 143143 187187 172187 234234 176179 214226 238238 181181
Cla242 ,  118118 177179 181181 194198 209213 226226 288292 129129 209209 145145 151151 139143 139139 199199 184187 234234 176179 187214 235235 181181
Cla243 ,  118120 177177 181181 186192 205207 226226 288292 129132 209209 143145 151151 133133 139143 187187 175175 243243 176179 187205 235235 181184
Cla244 ,  118120 179179 181181 190192 213217 226226 288290 129132 209209 143143 151151 117129 139143 187199 172187 234243 179179 205214 235235 181181
Cla245 ,  118118 177177 181181 190198 213213 222226 290292 129129 209209 143143 151151 129139 139139 202202 175175 234243 176182 187214 238238 181181
Cla246 ,  118120 177177 181181 196198 207209 226226 288302 126132 209209 143143 151161 117129 139145 187199 187187 243243 176179 205226 238238 181184
Cla247 ,  118120 177179 181181 190192 207215 226226 288292 126129 209209 152155 151151 135139 143143 202202 172187 234234 176179 214226 238238 181181
Cla248 ,  120120 179179 181181 190192 209217 222226 288290 132132 209209 143143 151151 139139 139143 202202 172175 240243 176179 205214 235235 181181
Cla249 ,  118124 177177 181181 192194 211213 222226 288292 129132 206209 143143 151151 133139 143147 000000 172187 234234 176179 202214 238238 181184
Cla250 ,  118118 177177 181181 192194 209213 226226 290292 129132 209209 143143 151151 139139 139139 187187 175187 234243 176182 187217 235241 181181
Cla251 ,  118120 177179 181181 192192 209213 226226 288290 126129 209209 143143 151151 133135 139139 199199 172187 234243 179179 205214 238238 181181
Cla252 ,  118120 177177 181181 192192 213213 226226 288288 129129 209209 143143 151151 117139 139145 199202 172187 234243 176179 205205 238238 181181
Cla253 ,  118118 177177 181181 186192 213215 226226 276294 129132 209218 139139 151151 133139 143145 000000 172175 234243 176200 205223 238238 181181
Cla254 ,  118118 179179 181181 190192 209213 226226 290296 129132 206206 143143 151151 117139 143145 202202 175187 240243 176179 187205 238238 181196
Cla255 ,  118118 177179 181181 190198 209213 226226 288292 129132 206209 143143 151151 131135 139145 202202 175175 234243 176179 187202 238238 181181
Pop
Cla256 ,  118146 177179 181181 192192 205213 226226 288296 129132 206218 145145 151157 139139 145145 202205 175175 243243 176176 214217 235235 181181
Cla257 ,  118118 177177 175181 190190 205213 226226 288296 120129 206215 143143 151157 133139 139145 202202 000000 234234 176176 202208 235235 178184
Cla258 ,  118118 177177 181181 192198 205207 222226 290302 126129 206209 137145 151157 129139 139145 202202 175175 234234 176194 214217 235235 178184
Cla259 ,  148148 177177 181181 192192 205213 222226 292296 126129 209209 137137 157157 117133 139145 202202 000000 243243 176176 187202 235235 178181
Cla260 ,  120120 177179 181181 196198 205209 222226 290302 120126 209209 137143 151151 133139 145145 202202 175175 243243 176176 187217 235238 178181
Cla261 ,  118146 177177 181181 192196 205209 222226 274294 129129 206209 143143 151155 135135 145145 202202 172175 234234 176176 205205 229235 181205
Cla262 ,  146146 177177 181181 192192 205209 226226 292296 126129 209209 137137 151155 129139 145145 202202 175175 234243 176188 187202 235235 181184
Cla263 ,  120140 177179 181181 192192 209213 222226 288288 120129 209209 143143 151151 117139 145145 202202 157157 243243 176182 199205 229235 178178
Cla264 ,  118146 177177 181181 188192 205209 226226 288292 120126 209209 137145 151151 135139 143145 187187 172175 234243 176200 187223 229235 178181
Cla265 ,  118148 177177 181181 192196 205213 226226 290292 126129 209218 143143 157157 133139 143145 202202 157175 234243 164176 187205 235235 181184
Cla266 ,  118140 177177 181181 192192 209213 222226 290294 126129 206215 143143 151151 117135 145145 202202 000000 234234 176176 202214 235235 178181
Cla267 ,  140146 177177 181181 192192 213213 226226 296296 126129 209218 137143 151151 129133 145145 202202 000000 234234 176200 202211 235238 178184
Cla268 ,  118120 177179 181181 192196 205213 226226 290290 126129 200206 137143 151151 117139 139145 202202 000000 234234 176185 202211 238238 178187
Cla269 ,  118120 177177 153175 192192 205209 222226 288296 120126 209215 137143 151157 133135 145145 202202 172172 234234 176176 202202 235235 178178
Cla270 ,  118148 177177 181181 192196 205209 226226 296296 120132 200218 137143 157157 129139 145145 202202 000000 234243 179194 202223 235235 178184
Pop
Cla271 ,  118120 177177 181181 190192 205207 226226 292296 129129 209209 145145 151151 135135 139143 202202 157187 243243 176182 202205 238238 184193
Cla272 ,  118120 177183 181181 190192 205205 226226 292292 129129 206209 145145 151151 133135 145145 000000 175178 234243 179179 187205 235235 178193
Cla273 ,  118118 177177 181181 192192 205207 226226 288288 126129 209215 143145 153153 117135 139139 199202 175187 243243 182182 187205 238238 178193
Cla274 ,  118118 179179 181181 190192 205209 222226 288290 126132 206221 151157 153155 117137 139145 199199 157187 234243 176176 187205 238238 178178
Cla275 ,  118118 177179 181181 190192 205209 226226 292294 126132 209215 143143 153153 131135 139145 199199 157175 234234 176179 202223 235235 178178
Cla276 ,  118120 179181 181181 190196 207207 226226 292294 129132 206209 143145 151151 135135 139145 199199 175175 234243 176179 205223 238238 178181
Cla277 ,  118120 177179 181181 192196 207207 226226 292292 129132 206206 145147 153153 133133 145145 199199 172187 243243 176179 202205 238238 178181
Cla278 ,  118120 177183 181181 190190 205207 226226 292292 129132 209215 145145 151151 133133 145147 202202 175175 234240 179182 187205 235235 178178
Cla279 ,  118120 177177 181181 190192 205209 226226 296302 126129 209209 145145 151157 131137 139139 199199 157175 234243 176176 205205 238238 181184
Cla280 ,  118118 177179 181181 192192 205207 222226 302302 129129 209218 143145 151151 117133 145145 187187 172175 243243 179179 205205 235235 178181
Cla281 ,  120120 179179 181181 192196 207207 226226 292292 126129 209209 147147 153153 133135 145145 196202 157187 243243 173182 202202 238238 178181
Cla282 ,  120120 179179 181181 192192 205207 226226 288292 132132 215215 145145 151151 137137 139145 202202 187187 234243 179182 202205 238238 178184
Cla283 ,  120120 177179 181181 190190 207207 226226 292296 129132 209209 145147 151153 131137 145145 199199 187187 243243 173176 187202 238238 178184
Cla284 ,  120120 177183 181181 192192 205207 224226 294294 126129 209209 143143 151151 117135 139145 199199 175175 243243 176176 190205 238238 181193
Cla285 ,  120120 179179 181181 192192 205207 226226 288302 129132 206209 143145 151151 131137 133145 199199 178187 234234 176179 187208 238238 181184
Pop
Cla321 ,  118118 177177 153181 192192 207211 226226 294302 120126 206209 143145 153157 153153 141145 199199 154172 234234 176179 196205 232235 181181
Cla322 ,  118118 177179 153181 192192 207207 226226 296302 126126 206209 147149 157157 153153 145145 199199 154189 234234 176182 187193 232235 178181
Cla323 ,  118118 177179 175181 188192 207207 222226 294296 120126 206209 143149 157157 133149 143145 199202 154172 234234 179182 187187 238244 178181
Cla324 ,  118118 177179 175181 188192 207207 222226 292294 126132 209212 143149 151157 133149 143145 190199 154172 234234 176179 187199 238241 181181
Cla325 ,  118120 177179 175181 192192 207207 222226 294294 129129 206209 139143 151157 133145 141143 190199 172187 234243 170179 187199 232232 178181
Cla326 ,  118118 177177 153181 192194 205207 223226 292294 126126 206206 143143 159159 133149 143145 190199 154172 234234 170179 187223 241241 181181
Cla327 ,  118118 179179 153181 192192 205207 224226 296298 126126 206209 143143 157157 135153 145147 190199 154154 234234 179182 187193 238241 181187
Cla328 ,  118118 177177 175181 192192 205205 226226 292294 120126 206209 139143 157157 133133 143143 190190 187187 234234 170179 187199 238241 181181
Cla329 ,  118118 177179 153181 192192 207207 226226 294296 129129 206209 143149 153157 153153 141145 199199 154189 234234 170179 187193 232235 178181
Cla330 ,  118118 177179 175181 188192 207207 226226 294296 126126 206209 143149 157157 133149 145145 199199 154172 234234 179182 187187 232235 178181
Cla331 ,  118118 177179 153181 192192 207207 226226 296302 120126 206233 143145 155157 135149 145145 199199 154189 234234 170179 187193 232235 178181
Cla332 ,  118118 177179 153175 188192 207207 222226 296296 126129 206206 145145 157157 133149 133133 190199 154172 237237 179182 187202 232232 178181
Cla333 ,  118118 177177 175181 192192 205205 222226 294302 126126 206209 143145 151157 135149 141141 202202 154187 234234 170179 187196 232232 181181
Cla334 ,  118120 177177 175181 188192 207207 226226 276302 120126 206206 145145 157157 133135 145145 199199 154187 234234 176179 187187 232232 181181
Cla335 ,  118118 177177 175175 192194 207211 222226 294294 126126 206209 143145 157157 133135 143145 199199 172187 234234 176182 187187 235241 181181
Cla336 ,  118120 177179 153175 194198 205211 226226 292294 120126 206209 143143 155157 153153 143145 199199 187189 234234 170179 187193 232241 178178
Cla337 ,  118118 181181 175181 188192 207211 222226 276294 126126 206209 143145 155155 133135 145145 199199 154187 234234 179182 187193 232232 181181
Cla338 ,  118120 177179 153175 194198 205211 226226 292294 120126 206209 143143 155157 135149 145145 199199 187189 234234 170176 187193 232235 178178
Cla339 ,  118120 177179 153181 192198 207211 226226 292294 120126 206209 143145 155157 133135 145147 199202 187189 234234 170179 187193 235235 181181
Cla340 ,  118118 177177 175175 188192 205205 226226 294296 126126 206206 143145 155159 133149 145145 190199 154187 234234 170179 187193 235238 178181
Cla341 ,  118118 177177 181181 188192 207211 226226 276294 126126 206209 143145 157157 133135 145145 196196 154187 234234 179182 187193 232232 178181
Cla342 ,  118118 177179 153175 192196 205215 226226 296322 126129 206206 145145 157157 133149 133137 196196 154172 234234 176179 187202 232232 181193
Cla343 ,  118120 177179 153175 194198 205211 224226 292294 120120 206206 143143 155155 135149 143143 199199 187189 234234 170179 187193 232232 178187
Cla344 ,  118120 177177 153175 192198 207207 226226 294294 126126 206209 145145 157157 149153 141141 199199 154189 234234 176182 193193 232232 178193
Cla345 ,  118120 177177 153175 192198 207207 226226 294294 126126 206209 143145 157157 149153 143145 199199 154189 234234 170182 193193 232232 181181
Cla346 ,  118120 177179 153175 194198 205205 226226 292294 120120 206209 147149 155155 135149 145147 199199 187189 234234 170170 187193 235235 178178
Cla347 ,  118118 177177 175181 192194 207207 226226 304312 126129 206218 143149 157157 133135 145147 199199 154187 234234 170182 187187 232238 178181
Cla348 ,  118120 177179 153175 194198 205211 226226 292294 120129 206206 143145 155155 135149 145145 199199 187189 234234 170176 187193 235238 178178
Cla349 ,  118118 177177 181181 192192 211211 226226 294302 120126 206209 143145 153157 133149 141141 199199 154172 234234 179179 196205 232232 178181
Cla350 ,  118120 177177 175181 188192 207211 226226 276302 126132 209209 145145 157157 133135 141145 199199 154187 234234 179182 187187 232232 181193
Cla351 ,  118118 177179 153181 192192 207207 226226 296302 120126 206209 149155 157157 135149 145145 190190 154189 234234 170179 187193 232235 181181
Cla352 ,  118118 177179 153181 192192 207207 222226 296302 129132 206209 149149 153153 153153 145145 190190 154189 234234 176182 187193 232235 181181
Cla353 ,  118118 177177 153181 188194 211211 226226 276302 126126 206209 143143 157157 133153 145145 199199 154172 234234 179179 187193 232232 181181
Cla354 ,  118120 177179 153175 194198 205211 222226 292294 120120 206206 143145 155155 135149 145145 199199 187189 234234 170179 187193 232232 178178
Cla355 ,  118118 177177 181181 192192 207207 226226 276294 129132 206215 143145 157157 133135 145145 199199 154187 234234 170179 187193 229232 178181
Cla356 ,  118120 177179 153175 194198 205211 226226 292294 120120 206209 143145 155157 133135 145145 199199 187189 234234 170179 187193 238238 178181
Cla357 ,  118120 177179 175175 192194 207207 226226 276296 126129 206209 143145 157157 133135 145145 199199 154184 234234 170179 193226 232235 187187
Cla358 ,  118120 177179 153175 192194 205211 226226 292294 126126 206209 143145 159159 135149 143147 199199 154172 234234 170179 187193 232232 178205
Cla359 ,  118118 177177 153175 192194 207207 226226 296314 126129 209209 143143 157157 133135 143143 199199 184187 234234 170182 187187 232232 181181
Pop
Cla360 ,  118120 177177 175181 190198 205207 226226 276302 126129 206218 143143 153153 133153 145147 199199 154172 234234 170182 193205 235238 181181
Cla361 ,  118118 177177 153181 188192 207213 224224 312314 129129 206209 143143 153153 133135 145147 196199 172172 234234 170179 187193 232232 178178
Cla362 ,  118118 177179 153153 188188 207207 226226 276294 126126 206209 143153 153153 131133 143145 196196 172187 234234 170179 187205 232238 178178
Cla363 ,  118120 177177 153181 192192 205205 226226 290294 129132 206209 145155 157157 133135 145147 199199 154175 234234 170182 187193 229238 178181
Cla364 ,  118120 177177 175181 192192 207211 226226 290302 120132 206209 145155 157157 133135 145147 199199 154175 234234 170179 187193 229229 178178
Cla365 ,  118120 177179 175175 188192 207207 226226 274292 129129 206218 143145 157157 131133 145145 202202 154187 234234 170179 193211 232235 178181
Cla366 ,  118118 177177 153175 192192 205215 226226 294304 120129 206206 151155 157157 133135 145145 199199 154187 234234 182185 184196 232232 178181
Cla367 ,  118118 177177 153175 192192 207207 226226 292294 126126 206209 151155 153157 133149 139145 196196 172184 234234 170170 193208 232232 178184
Cla368 ,  118118 177177 175181 190192 207207 224226 292294 129132 209230 151153 157157 147149 145145 199199 187187 234234 179185 193205 235235 178178
Cla369 ,  118118 177177 153181 192192 207207 226226 294302 126132 209209 145149 153153 133135 145145 199199 175187 234234 173179 205217 238238 178181
Cla370 ,  118118 177177 175181 190192 207207 226226 290302 129132 206209 147149 153153 131133 145145 196199 172184 234234 170179 199211 238238 178178
Cla371 ,  118120 177177 153175 190192 207207 226226 290292 126126 206230 145155 153157 131133 145147 199199 154172 234234 170179 193205 232238 178181
Cla372 ,  118118 177179 153175 188192 207207 226226 290294 120126 206206 143155 157157 117135 145147 199199 154172 234234 170179 193205 232235 178178
Cla373 ,  118120 177179 175175 190192 207211 226226 290306 120126 209209 155155 157157 133149 145145 199199 154154 234234 170179 193193 232235 178184
Cla374 ,  118120 177177 175175 192192 205211 226226 290294 126126 209218 143143 157157 133135 145145 199199 154172 234234 170170 187187 235235 178181
Cla375 ,  118120 177177 153175 188192 205211 224226 290302 126129 206209 143155 157157 133135 145145 190199 187189 234234 170182 187211 232232 178178
Cla376 ,  118120 177177 175181 192192 211211 226226 292294 126126 209209 145145 153157 133149 145145 199199 154154 234234 170179 193211 232232 181181
Cla377 ,  118120 177177 153175 188190 207207 226226 302304 126126 206206 145145 153157 131133 145147 199199 154172 234234 170170 193193 232235 178178
Cla378 ,  118118 177177 153181 188190 207207 224226 276294 126126 206209 143155 157159 131133 145147 199199 172175 234234 170170 193205 235235 178181
Cla379 ,  118120 177177 153175 188190 207207 226226 276294 126126 206209 145155 153157 131133 145147 199199 154172 234234 170179 193193 232235 178181
Cla380 ,  118120 177179 153181 188190 207207 226226 276294 126126 206206 143155 157159 131133 145147 199199 172175 234243 170170 193205 235235 178181
Cla381 ,  118118 177177 153181 188190 207207 226226 276294 126126 209218 143155 157159 131133 145147 199199 172175 234243 170170 193205 235238 178181
Cla382 ,  118120 177177 153175 188190 207207 224226 302304 126126 206206 139145 153157 131133 145147 199199 154172 234234 170170 193193 232235 178178
Cla383 ,  118120 177177 153175 188190 207207 226226 302304 126126 206209 143145 153157 131133 145147 196199 154172 234234 170170 193193 232235 178187
Cla384 ,  118120 177177 175181 188190 205207 226226 290294 126126 209209 143145 159159 131133 145147 196199 172187 234234 170182 187205 235235 178181
Cla385 ,  118118 177177 175181 190190 207207 226226 276292 126129 206218 143153 157159 149149 139145 196199 187187 234234 185185 193205 235235 178181
Cla386 ,  118118 177177 175181 190192 207207 224226 292292 129132 206209 151153 157157 147149 143145 199199 187187 234234 179185 193205 235235 178178
Cla387 ,  118120 177177 153175 188190 207207 226226 292294 132132 209233 143145 157159 131133 145147 199199 154187 234243 179182 187205 235235 178181
Cla388 ,  118118 177179 153175 188192 205207 226226 292294 120126 206206 143145 155157 131133 141145 199202 154187 234243 170179 193205 232235 178181
Cla389 ,  118118 177179 175181 190192 207207 226226 290292 126126 209209 143149 153157 131133 143145 199202 154172 234243 170179 193205 238238 178181
Cla390 ,  118118 177179 153175 188192 207207 226226 294294 120126 206206 143145 153157 137139 143145 199199 154172 234243 170182 187193 229238 178181
Cla391 ,  118118 177177 153153 188192 207213 226226 294314 129129 206206 143143 159159 137139 145145 196196 187187 234234 170170 187211 235235 178181
Cla392 ,  118118 177183 153175 192192 207207 226226 292294 126129 206209 151155 153157 133149 145147 196196 172184 234234 170170 193193 232232 178184
Cla393 ,  118120 177179 153175 188192 207207 224226 300302 129132 206209 143155 153157 131133 139145 196199 154187 234243 170179 187193 232232 178181
Cla394 ,  118126 177183 175181 188190 207207 226226 292294 129132 206209 143155 157159 131133 133147 196199 172175 234243 170170 193205 235238 178181
Cla395 ,  118118 177179 153175 188190 207211 226226 276292 129132 206209 137155 155157 131133 141145 199199 154187 234243 179179 193205 241241 178181
Cla396 ,  118118 177179 153175 188192 207211 226226 290292 120126 206209 153155 155157 133149 141145 199202 154154 234243 179179 202205 235235 178181
Cla397 ,  118120 177179 153181 190190 207207 226226 292302 126126 206206 145151 153157 127133 143145 199202 154175 234243 170179 193205 232238 178181
Cla398 ,  118126 177179 175181 188192 205205 226226 292304 126126 200206 143155 151153 123133 143145 199199 175187 234243 170182 193205 238238 178181
Cla399 ,  118118 177179 175181 190190 211211 226226 298302 126126 206233 143145 159159 139149 143145 199202 187187 234243 179182 187193 223238 181184
Cla400 ,  118120 177179 153175 188190 207207 222226 292304 126126 206206 143145 153157 131133 139145 196199 154172 234243 170176 193193 232235 178181
Cla401 ,  118120 179183 153175 188190 205207 226226 292294 129132 200209 137143 155157 133149 139145 196202 154187 234243 170176 187193 232232 178181
Pop
Cla402 ,  124126 183183 175181 190194 205209 222226 292292 129132 206209 143151 151157 133133 133139 199202 154195 234243 176179 196196 238238 181193
Cla403 ,  118118 177179 153181 190190 207207 226226 286292 126126 206209 137137 155157 123133 143147 199202 154195 234243 176179 205226 238238 181193
Cla404 ,  118126 177179 175181 190190 207207 226226 290294 126126 200209 143151 155155 123133 143147 199202 175195 234243 176176 217217 238238 181193
Cla405 ,  118126 177179 181181 190190 205205 226226 292302 126126 200209 143145 155157 127127 143143 199199 154175 234243 179179 199205 238238 181193
Cla406 ,  124126 177179 181181 188194 205205 226226 292292 129129 206218 143143 151161 123133 133143 199199 175195 243243 176176 205205 223238 181193
Cla407 ,  124126 179183 181181 194194 205207 226226 302302 129129 200209 137143 151155 131133 139143 199202 195195 234243 176176 205205 223238 181193
Cla408 ,  126126 179183 175181 190194 205207 226226 292302 126129 206209 143149 151155 123133 133139 199202 154195 234243 176176 205226 223238 181193
Cla409 ,  118126 179183 181181 194194 205205 226226 292302 126129 200209 143155 155155 123145 139139 199199 175195 234243 176176 196226 223223 181193
Cla410 ,  118118 177183 181181 190190 205205 226226 292302 126126 206209 137143 151155 123133 133139 196199 175195 234243 176176 187214 223238 181193
Cla411 ,  124126 179179 181181 188194 207207 226226 290292 126129 200206 143151 155155 131133 143143 190199 154195 234234 176179 199202 223238 181193
Cla412 ,  124126 179179 181181 190190 205205 226226 290292 126132 200200 143151 151155 123127 143147 190199 175195 234243 176179 196202 238238 181193
Cla413 ,  118126 179183 181181 190190 205207 226226 290292 126126 200209 137143 151155 123123 133147 196196 175195 243243 176176 205226 238238 181181
Cla414 ,  118118 177183 181181 190190 205205 226226 290292 129129 200209 137143 151155 123133 133143 196199 175195 243243 176176 187214 223238 181193
Cla415 ,  118126 177179 181181 188194 205205 226226 292302 129129 206206 137143 151155 127127 143147 196199 175195 234243 176179 196226 235238 181193
Cla416 ,  118118 177179 175181 190194 205207 226226 290292 126129 200206 137143 151155 127145 139143 196202 175195 234243 176176 196205 238238 178178
Cla417 ,  118126 177179 181181 190194 205207 222222 292302 126129 200209 143143 155161 123127 139143 199199 175195 234243 170170 196226 235238 181181
Cla418 ,  118126 179179 181181 190194 205205 226226 292302 126126 200209 149151 155161 127127 143143 199202 175175 234234 179179 199205 223238 181181
Cla419 ,  118126 179179 181181 190190 207207 226226 292292 126129 206209 143151 155155 123133 139143 199205 154175 234243 176182 202226 223238 181193
Cla420 ,  124126 179179 175181 190190 205207 226226 290292 126129 206209 143153 151155 123133 139143 190202 175195 234243 176176 202205 238238 181193
Cla421 ,  124126 179179 175181 190194 205207 226226 290292 126126 206209 137143 151155 123145 143147 196196 175195 243243 176176 199202 238238 181193
Cla422 ,  118126 177179 175181 190194 205207 226226 292304 126126 206209 137143 151155 123127 139143 196196 175195 234243 176176 202205 223238 181193
Cla423 ,  118126 177179 175181 190194 205207 226226 292302 126129 200209 137143 151155 127127 139143 196196 175195 234243 176176 196205 223238 181181
Cla424 ,  118126 177179 175181 190194 205207 226226 292292 126129 200206 137143 151155 125127 139143 199202 175195 234243 176176 196205 223238 181193
Cla425 ,  118126 177179 181181 190190 205205 226226 290292 126129 200209 137137 155155 123133 143147 199199 154195 234243 176179 205226 238238 178178
Cla426 ,  124126 179179 181181 190194 205205 226226 292302 126129 200209 137151 151155 127133 139143 199202 175195 234243 176179 196205 238238 181193
Cla427 ,  118126 179179 175181 188190 205207 226226 290290 126126 200209 137143 151155 131133 139143 190199 175195 234243 176182 202226 223238 181193
Cla428 ,  118126 179179 175181 190194 205207 226226 292292 126129 206218 143145 151155 123133 139143 199199 175195 234243 176176 202205 223238 184184
Cla429 ,  118126 179183 175181 190194 205207 226226 294294 126129 206209 143149 151155 123123 133139 196196 175195 234243 176176 202226 223238 181193
Cla430 ,  118126 177179 181181 188190 205207 226226 290294 129132 206209 137143 151155 123127 133143 196202 172175 234243 176179 196205 238241 181193
Cla431 ,  118118 177179 181181 190190 205205 226226 292294 126129 200206 137143 155155 127133 139143 199202 175175 234243 176176 205226 223238 181193
Cla432 ,  118126 177179 175181 190194 205207 226226 292294 129129 206209 137151 151155 127133 139147 199202 154175 234243 176179 202205 223238 181181
Cla433 ,  124126 179179 175181 190190 205207 226226 292294 129132 206209 137153 151155 127133 139143 199202 175195 234243 176179 202205 238238 181181
Cla434 ,  124126 179179 181181 188194 205205 226226 292292 129129 200209 143151 151151 131133 139143 199202 175195 234243 176179 196205 235238 181193
Cla435 ,  118126 179179 175181 188190 205207 226226 290302 126129 206209 137143 151155 133145 143145 196196 175195 234243 176176 226229 223238 181193
Cla436 ,  118126 179179 175181 190194 205207 226226 292304 126126 206206 137143 151155 123145 139143 196196 175195 234243 176176 202202 223238 193193
Cla437 ,  118126 179183 181181 190194 205207 226226 292302 126126 200209 143145 151155 123145 139143 199202 175195 234243 176176 205226 223238 181193
Cla438 ,  118126 177179 175181 190194 207207 226226 292292 126129 206209 137143 155155 133145 133143 199202 154195 243243 176176 205205 223238 181193
Cla439 ,  118126 177179 181181 190194 205207 226226 292302 126129 206206 137143 155155 123133 139143 199202 175195 234243 176176 205226 223238 181193
Cla440 ,  118126 177179 181181 190194 205207 226226 290292 129132 206206 137143 151155 123133 143147 199202 175195 234243 176182 199205 223238 181193
Cla441 ,  118126 177179 175181 190194 205207 224224 292294 126129 200209 137143 155161 123133 139143 199202 175195 234243 176179 205226 235238 181193
Cla442 ,  118126 177183 181181 188190 205205 226226 292292 126129 206209 137137 151151 123127 143147 199202 175195 234243 176179 226226 223238 181193
Cla443 ,  118118 179179 175181 188190 205205 226226 290292 126129 209209 137143 151155 123133 143143 190196 154175 234243 176176 202226 223244 181193
Cla444 ,  118126 177179 175175 190190 205205 226226 292302 126132 200206 137143 151155 127127 143147 199202 175175 234234 176176 196199 238238 181193
Cla445 ,  124126 179179 175175 190194 205205 226226 290292 126132 200209 151153 151155 127145 143143 196199 175195 234243 176176 202205 238238 181181
Cla446 ,  118118 177179 181181 188194 205207 226226 292302 126129 206209 137143 151155 123133 139143 196199 175195 243243 176182 196226 235238 181181
Cla447 ,  118126 179183 181181 190194 205207 226226 292302 126129 200209 143149 151155 123127 133139 199202 175195 234243 176176 205226 223238 178181
